rho_de,rho_cp,alpha,gamma,epsilon,acc,prec,rec
100, 500, 0.1, 0.6, 0.1, 0.3829787234042553, 0.3409090909090909, 1.0
50, 50, 0.01, 0.5, 0.01, 0.5531914893617021, 0.2, 0.13333333333333333
50, 50, 0.01, 0.5, 0.05, 0.717391304347826, 1.0, 0.07142857142857142
50, 50, 0.01, 0.5, 0.1, 0.717391304347826, 1.0, 0.07142857142857142
50, 50, 0.01, 0.5, 0.15, 0.6170212765957447, 0.0, 0.0
50, 50, 0.01, 0.6, 0.01, 0.717391304347826, 0.6, 0.4
50, 50, 0.01, 0.6, 0.05, 0.717391304347826, 1.0, 0.07142857142857142
50, 50, 0.01, 0.6, 0.1, 0.6956521739130435, 0.0, 0.0
50, 50, 0.01, 0.6, 0.15, 0.6956521739130435, 0.0, 0.0
50, 50, 0.01, 0.7, 0.01, 0.6808510638297872, 0.5, 0.26666666666666666
50, 50, 0.01, 0.7, 0.05, 0.6818181818181818, 0.5, 0.07142857142857142
50, 50, 0.01, 0.7, 0.1, 0.6808510638297872, 0.0, 0.0
50, 50, 0.01, 0.7, 0.15, 0.6808510638297872, 0.0, 0.0
50, 50, 0.05, 0.5, 0.01, 0.6170212765957447, 0.2, 0.06666666666666667
50, 50, 0.05, 0.5, 0.05, 0.7021276595744681, 0.6, 0.2
50, 50, 0.05, 0.5, 0.1, 0.7021276595744681, 1.0, 0.06666666666666667
50, 50, 0.05, 0.5, 0.15, 0.6382978723404256, 0.0, 0.0
50, 50, 0.05, 0.6, 0.01, 0.6382978723404256, 0.4, 0.26666666666666666
50, 50, 0.05, 0.6, 0.05, 0.6739130434782609, 0.5, 0.13333333333333333
50, 50, 0.05, 0.6, 0.1, 0.7021276595744681, 1.0, 0.06666666666666667
50, 50, 0.05, 0.6, 0.15, 0.6595744680851063, 0.0, 0.0
50, 50, 0.05, 0.7, 0.01, 0.5869565217391305, 0.25, 0.13333333333333333
50, 50, 0.05, 0.7, 0.05, 0.7021276595744681, 0.6666666666666666, 0.13333333333333333
50, 50, 0.05, 0.7, 0.1, 0.6956521739130435, 0.0, 0.0
50, 50, 0.05, 0.7, 0.15, 0.6595744680851063, 0.0, 0.0
50, 50, 0.1, 0.5, 0.01, 0.6956521739130435, 0.5555555555555556, 0.3333333333333333
50, 50, 0.1, 0.5, 0.05, 0.717391304347826, 0.6666666666666666, 0.14285714285714285
50, 50, 0.1, 0.5, 0.1, 0.7021276595744681, 1.0, 0.06666666666666667
50, 50, 0.1, 0.5, 0.15, 0.6808510638297872, 0.5, 0.06666666666666667
50, 50, 0.1, 0.6, 0.01, 0.723404255319149, 0.6, 0.4
50, 50, 0.1, 0.6, 0.05, 0.723404255319149, 1.0, 0.13333333333333333
50, 50, 0.1, 0.6, 0.1, 0.6739130434782609, 0.0, 0.0
50, 50, 0.1, 0.6, 0.15, 0.7021276595744681, 1.0, 0.06666666666666667
50, 50, 0.1, 0.7, 0.01, 0.6304347826086957, 0.3333333333333333, 0.13333333333333333
50, 50, 0.1, 0.7, 0.05, 0.7021276595744681, 0.5714285714285714, 0.26666666666666666
50, 50, 0.1, 0.7, 0.1, 0.6595744680851063, 0.3333333333333333, 0.06666666666666667
50, 50, 0.1, 0.7, 0.15, 0.717391304347826, 1.0, 0.07142857142857142
50, 100, 0.01, 0.5, 0.01, 0.7021276595744681, 0.5384615384615384, 0.4666666666666667
50, 100, 0.01, 0.5, 0.05, 0.723404255319149, 0.55, 0.7333333333333333
50, 100, 0.01, 0.5, 0.1, 0.7872340425531915, 0.6923076923076923, 0.6
50, 100, 0.01, 0.5, 0.15, 0.7872340425531915, 0.6470588235294118, 0.7333333333333333
50, 100, 0.01, 0.6, 0.01, 0.7872340425531915, 0.6666666666666666, 0.6666666666666666
50, 100, 0.01, 0.6, 0.05, 0.7659574468085106, 0.6111111111111112, 0.7333333333333333
50, 100, 0.01, 0.6, 0.1, 0.8043478260869565, 0.6666666666666666, 0.7142857142857143
50, 100, 0.01, 0.6, 0.15, 0.723404255319149, 0.5625, 0.6
50, 100, 0.01, 0.7, 0.01, 0.7446808510638298, 0.6363636363636364, 0.4666666666666667
50, 100, 0.01, 0.7, 0.05, 0.8297872340425532, 0.8181818181818182, 0.6
50, 100, 0.01, 0.7, 0.1, 0.7872340425531915, 0.631578947368421, 0.8
50, 100, 0.01, 0.7, 0.15, 0.8085106382978723, 0.6875, 0.7333333333333333
50, 100, 0.05, 0.5, 0.01, 0.782608695652174, 0.75, 0.42857142857142855
50, 100, 0.05, 0.5, 0.05, 0.7446808510638298, 0.5789473684210527, 0.7333333333333333
50, 100, 0.05, 0.5, 0.1, 0.7872340425531915, 0.6666666666666666, 0.6666666666666666
50, 100, 0.05, 0.5, 0.15, 0.7872340425531915, 0.6470588235294118, 0.7333333333333333
50, 100, 0.05, 0.6, 0.01, 0.5957446808510638, 0.3333333333333333, 0.26666666666666666
50, 100, 0.05, 0.6, 0.05, 0.7659574468085106, 0.6666666666666666, 0.5333333333333333
50, 100, 0.05, 0.6, 0.1, 0.7659574468085106, 0.6111111111111112, 0.7333333333333333
50, 100, 0.05, 0.6, 0.15, 0.851063829787234, 0.8333333333333334, 0.6666666666666666
50, 100, 0.05, 0.7, 0.01, 0.5957446808510638, 0.375, 0.4
50, 100, 0.05, 0.7, 0.05, 0.723404255319149, 0.5714285714285714, 0.5333333333333333
50, 100, 0.05, 0.7, 0.1, 0.7446808510638298, 0.5882352941176471, 0.6666666666666666
50, 100, 0.05, 0.7, 0.15, 0.723404255319149, 0.5833333333333334, 0.4666666666666667
50, 100, 0.1, 0.5, 0.01, 0.7446808510638298, 0.5882352941176471, 0.6666666666666666
50, 100, 0.1, 0.5, 0.05, 0.7446808510638298, 0.6, 0.6
50, 100, 0.1, 0.5, 0.1, 0.8297872340425532, 0.7058823529411765, 0.8
50, 100, 0.1, 0.5, 0.15, 0.7446808510638298, 0.6, 0.6
50, 100, 0.1, 0.6, 0.01, 0.7391304347826086, 0.5833333333333334, 0.5
50, 100, 0.1, 0.6, 0.05, 0.7872340425531915, 0.6666666666666666, 0.6666666666666666
50, 100, 0.1, 0.6, 0.1, 0.8085106382978723, 0.6666666666666666, 0.8
50, 100, 0.1, 0.6, 0.15, 0.851063829787234, 0.7857142857142857, 0.7333333333333333
50, 100, 0.1, 0.7, 0.01, 0.7021276595744681, 0.5454545454545454, 0.4
50, 100, 0.1, 0.7, 0.05, 0.6382978723404256, 0.45, 0.6
50, 100, 0.1, 0.7, 0.1, 0.7872340425531915, 0.6666666666666666, 0.6666666666666666
50, 100, 0.1, 0.7, 0.15, 0.8085106382978723, 0.6875, 0.7333333333333333
50, 250, 0.01, 0.5, 0.01, 0.8181818181818182, 0.6923076923076923, 0.6923076923076923
50, 250, 0.01, 0.5, 0.05, 0.6808510638297872, 0.5, 0.9333333333333333
50, 250, 0.01, 0.5, 0.1, 0.851063829787234, 0.6818181818181818, 1.0
50, 250, 0.01, 0.5, 0.15, 0.5957446808510638, 0.4375, 0.9333333333333333
50, 250, 0.01, 0.6, 0.01, 0.6521739130434783, 0.47368421052631576, 0.6
50, 250, 0.01, 0.6, 0.05, 0.7021276595744681, 0.5185185185185185, 0.9333333333333333
50, 250, 0.01, 0.6, 0.1, 0.6170212765957447, 0.45161290322580644, 0.9333333333333333
50, 250, 0.01, 0.6, 0.15, 0.7021276595744681, 0.5172413793103449, 1.0
50, 250, 0.01, 0.7, 0.01, 0.7021276595744681, 0.5217391304347826, 0.8
50, 250, 0.01, 0.7, 0.05, 0.6808510638297872, 0.5, 0.8666666666666667
50, 250, 0.01, 0.7, 0.1, 0.7446808510638298, 0.5555555555555556, 1.0
50, 250, 0.01, 0.7, 0.15, 0.6382978723404256, 0.46875, 1.0
50, 250, 0.05, 0.5, 0.01, 0.7777777777777778, 0.6, 0.8571428571428571
50, 250, 0.05, 0.5, 0.05, 0.723404255319149, 0.5416666666666666, 0.8666666666666667
50, 250, 0.05, 0.5, 0.1, 0.7446808510638298, 0.56, 0.9333333333333333
50, 250, 0.05, 0.5, 0.15, 0.6170212765957447, 0.45454545454545453, 1.0
50, 250, 0.05, 0.6, 0.01, 0.6086956521739131, 0.4444444444444444, 0.8
50, 250, 0.05, 0.6, 0.05, 0.6170212765957447, 0.4482758620689655, 0.8666666666666667
50, 250, 0.05, 0.6, 0.1, 0.7446808510638298, 0.5555555555555556, 1.0
50, 250, 0.05, 0.6, 0.15, 0.6808510638297872, 0.5, 1.0
50, 250, 0.05, 0.7, 0.01, 0.6739130434782609, 0.48, 0.8571428571428571
50, 250, 0.05, 0.7, 0.05, 0.7391304347826086, 0.5384615384615384, 1.0
50, 250, 0.05, 0.7, 0.1, 0.7446808510638298, 0.5555555555555556, 1.0
50, 250, 0.05, 0.7, 0.15, 0.6595744680851063, 0.4827586206896552, 0.9333333333333333
50, 250, 0.1, 0.5, 0.01, 0.723404255319149, 0.5625, 0.6
50, 250, 0.1, 0.5, 0.05, 0.7872340425531915, 0.6, 1.0
50, 250, 0.1, 0.5, 0.1, 0.7872340425531915, 0.6, 1.0
50, 250, 0.1, 0.5, 0.15, 0.6595744680851063, 0.4827586206896552, 0.9333333333333333
50, 250, 0.1, 0.6, 0.01, 0.5869565217391305, 0.4074074074074074, 0.7857142857142857
50, 250, 0.1, 0.6, 0.05, 0.6595744680851063, 0.48148148148148145, 0.8666666666666667
50, 250, 0.1, 0.6, 0.1, 0.6808510638297872, 0.5, 1.0
50, 250, 0.1, 0.6, 0.15, 0.7446808510638298, 0.5555555555555556, 1.0
50, 250, 0.1, 0.7, 0.01, 0.6382978723404256, 0.4, 0.26666666666666666
50, 250, 0.1, 0.7, 0.05, 0.6739130434782609, 0.48148148148148145, 0.9285714285714286
50, 250, 0.1, 0.7, 0.1, 0.6808510638297872, 0.5, 1.0
50, 250, 0.1, 0.7, 0.15, 0.7021276595744681, 0.5172413793103449, 1.0
50, 500, 0.01, 0.5, 0.01, 0.6170212765957447, 0.4117647058823529, 0.4666666666666667
50, 500, 0.01, 0.5, 0.05, 0.5957446808510638, 0.4375, 0.9333333333333333
50, 500, 0.01, 0.5, 0.1, 0.6382978723404256, 0.46875, 1.0
50, 500, 0.01, 0.5, 0.15, 0.5531914893617021, 0.4166666666666667, 1.0
50, 500, 0.01, 0.6, 0.01, 0.7021276595744681, 0.52, 0.8666666666666667
50, 500, 0.01, 0.6, 0.05, 0.6808510638297872, 0.5, 0.8666666666666667
50, 500, 0.01, 0.6, 0.1, 0.7021276595744681, 0.5185185185185185, 0.9333333333333333
50, 500, 0.01, 0.6, 0.15, 0.46808510638297873, 0.3684210526315789, 0.9333333333333333
50, 500, 0.01, 0.7, 0.01, 0.6808510638297872, 0.5, 0.6666666666666666
50, 500, 0.01, 0.7, 0.05, 0.6739130434782609, 0.48148148148148145, 0.9285714285714286
50, 500, 0.01, 0.7, 0.1, 0.6170212765957447, 0.4482758620689655, 0.8666666666666667
50, 500, 0.01, 0.7, 0.15, 0.5319148936170213, 0.4, 0.9333333333333333
50, 500, 0.05, 0.5, 0.01, 0.6304347826086957, 0.4444444444444444, 0.8571428571428571
50, 500, 0.05, 0.5, 0.05, 0.7021276595744681, 0.5172413793103449, 1.0
50, 500, 0.05, 0.5, 0.1, 0.574468085106383, 0.42857142857142855, 1.0
50, 500, 0.05, 0.5, 0.15, 0.5106382978723404, 0.38235294117647056, 0.8666666666666667
50, 500, 0.05, 0.6, 0.01, 0.7659574468085106, 0.6111111111111112, 0.7333333333333333
50, 500, 0.05, 0.6, 0.05, 0.6382978723404256, 0.4666666666666667, 0.9333333333333333
50, 500, 0.05, 0.6, 0.1, 0.5957446808510638, 0.4375, 0.9333333333333333
50, 500, 0.05, 0.6, 0.15, 0.5319148936170213, 0.4, 0.9333333333333333
50, 500, 0.05, 0.7, 0.01, 0.7021276595744681, 0.5238095238095238, 0.7333333333333333
50, 500, 0.05, 0.7, 0.05, 0.6170212765957447, 0.4482758620689655, 0.8666666666666667
50, 500, 0.05, 0.7, 0.1, 0.6170212765957447, 0.45454545454545453, 1.0
50, 500, 0.05, 0.7, 0.15, 0.5319148936170213, 0.4, 0.9333333333333333
50, 500, 0.1, 0.5, 0.01, 0.6521739130434783, 0.47368421052631576, 0.6
50, 500, 0.1, 0.5, 0.05, 0.6170212765957447, 0.45454545454545453, 1.0
50, 500, 0.1, 0.5, 0.1, 0.5531914893617021, 0.4117647058823529, 0.9333333333333333
50, 500, 0.1, 0.5, 0.15, 0.574468085106383, 0.42857142857142855, 1.0
50, 500, 0.1, 0.6, 0.01, 0.7391304347826086, 0.5789473684210527, 0.7333333333333333
50, 500, 0.1, 0.6, 0.05, 0.6808510638297872, 0.5, 1.0
50, 500, 0.1, 0.6, 0.1, 0.5531914893617021, 0.40625, 0.8666666666666667
50, 500, 0.1, 0.6, 0.15, 0.5106382978723404, 0.3888888888888889, 0.9333333333333333
50, 500, 0.1, 0.7, 0.01, 0.7659574468085106, 0.6, 0.8
50, 500, 0.1, 0.7, 0.05, 0.5106382978723404, 0.38235294117647056, 0.8666666666666667
50, 500, 0.1, 0.7, 0.1, 0.574468085106383, 0.42857142857142855, 1.0
50, 500, 0.1, 0.7, 0.15, 0.44680851063829785, 0.36585365853658536, 1.0
100, 50, 0.01, 0.5, 0.01, 0.6808510638297872, 0.0, 0.0
100, 50, 0.01, 0.5, 0.05, 0.6956521739130435, 1.0, 0.06666666666666667
100, 50, 0.01, 0.5, 0.1, 0.6808510638297872, 0.0, 0.0
100, 50, 0.01, 0.5, 0.15, 0.6808510638297872, 0.0, 0.0
100, 50, 0.01, 0.6, 0.01, 0.6808510638297872, 0.0, 0.0
100, 50, 0.01, 0.6, 0.05, 0.6956521739130435, 0.0, 0.0
100, 50, 0.01, 0.6, 0.1, 0.6808510638297872, 0.0, 0.0
100, 50, 0.01, 0.6, 0.15, 0.6808510638297872, 0.0, 0.0
100, 50, 0.01, 0.7, 0.01, 0.7111111111111111, 0.0, 0.0
100, 50, 0.01, 0.7, 0.05, 0.6808510638297872, 0.0, 0.0
100, 50, 0.01, 0.7, 0.1, 0.6808510638297872, 0.0, 0.0
100, 50, 0.01, 0.7, 0.15, 0.6956521739130435, 0.0, 0.0
100, 50, 0.05, 0.5, 0.01, 0.6808510638297872, 0.0, 0.0
100, 50, 0.05, 0.5, 0.05, 0.6739130434782609, 0.0, 0.0
100, 50, 0.05, 0.5, 0.1, 0.6808510638297872, 0.0, 0.0
100, 50, 0.05, 0.5, 0.15, 0.6808510638297872, 0.0, 0.0
100, 50, 0.05, 0.6, 0.01, 0.6739130434782609, 0.0, 0.0
100, 50, 0.05, 0.6, 0.05, 0.6956521739130435, 0.0, 0.0
100, 50, 0.05, 0.6, 0.1, 0.6808510638297872, 0.0, 0.0
100, 50, 0.05, 0.6, 0.15, 0.6808510638297872, 0.0, 0.0
100, 50, 0.05, 0.7, 0.01, 0.6976744186046512, 0.0, 0.0
100, 50, 0.05, 0.7, 0.05, 0.6739130434782609, 0.0, 0.0
100, 50, 0.05, 0.7, 0.1, 0.6808510638297872, 0.0, 0.0
100, 50, 0.05, 0.7, 0.15, 0.6808510638297872, 0.0, 0.0
100, 50, 0.1, 0.5, 0.01, 0.6739130434782609, 0.0, 0.0
100, 50, 0.1, 0.5, 0.05, 0.6808510638297872, 0.0, 0.0
100, 50, 0.1, 0.5, 0.1, 0.6808510638297872, 0.0, 0.0
100, 50, 0.1, 0.5, 0.15, 0.6808510638297872, 0.0, 0.0
100, 50, 0.1, 0.6, 0.01, 0.6739130434782609, 0.0, 0.0
100, 50, 0.1, 0.6, 0.05, 0.6808510638297872, 0.0, 0.0
100, 50, 0.1, 0.6, 0.1, 0.6808510638297872, 0.0, 0.0
100, 50, 0.1, 0.6, 0.15, 0.6808510638297872, 0.0, 0.0
100, 50, 0.1, 0.7, 0.01, 0.6739130434782609, 0.0, 0.0
100, 50, 0.1, 0.7, 0.05, 0.6956521739130435, 0.0, 0.0
100, 50, 0.1, 0.7, 0.1, 0.6808510638297872, 0.0, 0.0
100, 50, 0.1, 0.7, 0.15, 0.6808510638297872, 0.0, 0.0
100, 100, 0.01, 0.5, 0.01, 0.7333333333333333, 0.75, 0.21428571428571427
100, 100, 0.01, 0.5, 0.05, 0.6808510638297872, 0.5, 0.06666666666666667
100, 100, 0.01, 0.5, 0.1, 0.6808510638297872, 0.0, 0.0
100, 100, 0.01, 0.5, 0.15, 0.6808510638297872, 0.0, 0.0
100, 100, 0.01, 0.6, 0.01, 0.5652173913043478, 0.2222222222222222, 0.13333333333333333
100, 100, 0.01, 0.6, 0.05, 0.6382978723404256, 0.3333333333333333, 0.13333333333333333
100, 100, 0.01, 0.6, 0.1, 0.6595744680851063, 0.0, 0.0
100, 100, 0.01, 0.6, 0.15, 0.6808510638297872, 0.0, 0.0
100, 100, 0.01, 0.7, 0.01, 0.6521739130434783, 0.4, 0.2857142857142857
100, 100, 0.01, 0.7, 0.05, 0.6521739130434783, 0.0, 0.0
100, 100, 0.01, 0.7, 0.1, 0.6595744680851063, 0.0, 0.0
100, 100, 0.01, 0.7, 0.15, 0.723404255319149, 1.0, 0.13333333333333333
100, 100, 0.05, 0.5, 0.01, 0.6304347826086957, 0.2857142857142857, 0.14285714285714285
100, 100, 0.05, 0.5, 0.05, 0.7021276595744681, 0.6666666666666666, 0.13333333333333333
100, 100, 0.05, 0.5, 0.1, 0.6808510638297872, 0.0, 0.0
100, 100, 0.05, 0.5, 0.15, 0.6808510638297872, 0.0, 0.0
100, 100, 0.05, 0.6, 0.01, 0.6956521739130435, 0.5, 0.21428571428571427
100, 100, 0.05, 0.6, 0.05, 0.6808510638297872, 0.0, 0.0
100, 100, 0.05, 0.6, 0.1, 0.6808510638297872, 0.0, 0.0
100, 100, 0.05, 0.6, 0.15, 0.6808510638297872, 0.0, 0.0
100, 100, 0.05, 0.7, 0.01, 0.6739130434782609, 0.4444444444444444, 0.2857142857142857
100, 100, 0.05, 0.7, 0.05, 0.717391304347826, 1.0, 0.07142857142857142
100, 100, 0.05, 0.7, 0.1, 0.6956521739130435, 0.0, 0.0
100, 100, 0.05, 0.7, 0.15, 0.6595744680851063, 0.0, 0.0
100, 100, 0.1, 0.5, 0.01, 0.7391304347826086, 0.625, 0.35714285714285715
100, 100, 0.1, 0.5, 0.05, 0.6808510638297872, 0.5, 0.06666666666666667
100, 100, 0.1, 0.5, 0.1, 0.6808510638297872, 0.0, 0.0
100, 100, 0.1, 0.5, 0.15, 0.6808510638297872, 0.0, 0.0
100, 100, 0.1, 0.6, 0.01, 0.6444444444444445, 0.3333333333333333, 0.06666666666666667
100, 100, 0.1, 0.6, 0.05, 0.6956521739130435, 0.5, 0.07142857142857142
100, 100, 0.1, 0.6, 0.1, 0.6382978723404256, 0.0, 0.0
100, 100, 0.1, 0.6, 0.15, 0.7021276595744681, 1.0, 0.06666666666666667
100, 100, 0.1, 0.7, 0.01, 0.6382978723404256, 0.375, 0.2
100, 100, 0.1, 0.7, 0.05, 0.6956521739130435, 0.5, 0.07142857142857142
100, 100, 0.1, 0.7, 0.1, 0.6808510638297872, 0.0, 0.0
100, 100, 0.1, 0.7, 0.15, 0.723404255319149, 1.0, 0.13333333333333333
100, 250, 0.01, 0.5, 0.01, 0.8297872340425532, 0.7333333333333333, 0.7333333333333333
100, 250, 0.01, 0.5, 0.05, 0.7446808510638298, 0.6, 0.6
100, 250, 0.01, 0.5, 0.1, 0.7659574468085106, 0.5909090909090909, 0.8666666666666667
100, 250, 0.01, 0.5, 0.15, 0.7021276595744681, 0.5238095238095238, 0.7333333333333333
100, 250, 0.01, 0.6, 0.01, 0.7446808510638298, 0.6363636363636364, 0.4666666666666667
100, 250, 0.01, 0.6, 0.05, 0.6956521739130435, 0.5, 0.7142857142857143
100, 250, 0.01, 0.6, 0.1, 0.8043478260869565, 0.6875, 0.7333333333333333
100, 250, 0.01, 0.6, 0.15, 0.7446808510638298, 0.6, 0.6
100, 250, 0.01, 0.7, 0.01, 0.6739130434782609, 0.45454545454545453, 0.35714285714285715
100, 250, 0.01, 0.7, 0.05, 0.7021276595744681, 0.5263157894736842, 0.6666666666666666
100, 250, 0.01, 0.7, 0.1, 0.7446808510638298, 0.5789473684210527, 0.7333333333333333
100, 250, 0.01, 0.7, 0.15, 0.8085106382978723, 0.65, 0.8666666666666667
100, 250, 0.05, 0.5, 0.01, 0.6739130434782609, 0.4666666666666667, 0.5
100, 250, 0.05, 0.5, 0.05, 0.7872340425531915, 0.6470588235294118, 0.7333333333333333
100, 250, 0.05, 0.5, 0.1, 0.7659574468085106, 0.6111111111111112, 0.7333333333333333
100, 250, 0.05, 0.5, 0.15, 0.7446808510638298, 0.5789473684210527, 0.7333333333333333
100, 250, 0.05, 0.6, 0.01, 0.7659574468085106, 0.6111111111111112, 0.7333333333333333
100, 250, 0.05, 0.6, 0.05, 0.7021276595744681, 0.5238095238095238, 0.7333333333333333
100, 250, 0.05, 0.6, 0.1, 0.8297872340425532, 0.7333333333333333, 0.7333333333333333
100, 250, 0.05, 0.6, 0.15, 0.7659574468085106, 0.5909090909090909, 0.8666666666666667
100, 250, 0.05, 0.7, 0.01, 0.6595744680851063, 0.45454545454545453, 0.3333333333333333
100, 250, 0.05, 0.7, 0.05, 0.7021276595744681, 0.5263157894736842, 0.6666666666666666
100, 250, 0.05, 0.7, 0.1, 0.8723404255319149, 0.7647058823529411, 0.8666666666666667
100, 250, 0.05, 0.7, 0.15, 0.7659574468085106, 0.6111111111111112, 0.7333333333333333
100, 250, 0.1, 0.5, 0.01, 0.6304347826086957, 0.4, 0.42857142857142855
100, 250, 0.1, 0.5, 0.05, 0.7021276595744681, 0.5217391304347826, 0.8
100, 250, 0.1, 0.5, 0.1, 0.7446808510638298, 0.6, 0.6
100, 250, 0.1, 0.5, 0.15, 0.7659574468085106, 0.5909090909090909, 0.8666666666666667
100, 250, 0.1, 0.6, 0.01, 0.6956521739130435, 0.5, 0.7142857142857143
100, 250, 0.1, 0.6, 0.05, 0.8297872340425532, 0.7058823529411765, 0.8
100, 250, 0.1, 0.6, 0.1, 0.7021276595744681, 0.5238095238095238, 0.7333333333333333
100, 250, 0.1, 0.6, 0.15, 0.7446808510638298, 0.5882352941176471, 0.6666666666666666
100, 250, 0.1, 0.7, 0.01, 0.6595744680851063, 0.47058823529411764, 0.5333333333333333
100, 250, 0.1, 0.7, 0.05, 0.6808510638297872, 0.5, 0.7333333333333333
100, 250, 0.1, 0.7, 0.1, 0.7021276595744681, 0.5294117647058824, 0.6
100, 250, 0.1, 0.7, 0.15, 0.8297872340425532, 0.6842105263157895, 0.8666666666666667
100, 500, 0.01, 0.5, 0.01, 0.6170212765957447, 0.2857142857142857, 0.13333333333333333
100, 500, 0.01, 0.5, 0.05, 0.7446808510638298, 0.5555555555555556, 1.0
100, 500, 0.01, 0.5, 0.1, 0.8297872340425532, 0.6521739130434783, 1.0
100, 500, 0.01, 0.5, 0.15, 0.6382978723404256, 0.4666666666666667, 0.9333333333333333
100, 500, 0.01, 0.6, 0.01, 0.6382978723404256, 0.4166666666666667, 0.3333333333333333
100, 500, 0.01, 0.6, 0.05, 0.574468085106383, 0.42424242424242425, 0.9333333333333333
100, 500, 0.01, 0.6, 0.1, 0.5957446808510638, 0.4375, 0.9333333333333333
100, 500, 0.01, 0.6, 0.15, 0.723404255319149, 0.5357142857142857, 1.0
100, 500, 0.01, 0.7, 0.01, 0.7021276595744681, 0.5217391304347826, 0.8
100, 500, 0.01, 0.7, 0.05, 0.851063829787234, 0.6818181818181818, 1.0
100, 500, 0.01, 0.7, 0.1, 0.723404255319149, 0.5384615384615384, 0.9333333333333333
100, 500, 0.01, 0.7, 0.15, 0.7021276595744681, 0.5172413793103449, 1.0
100, 500, 0.05, 0.5, 0.01, 0.8222222222222222, 0.6875, 0.7857142857142857
100, 500, 0.05, 0.5, 0.05, 0.6808510638297872, 0.5, 1.0
100, 500, 0.05, 0.5, 0.1, 0.7021276595744681, 0.5172413793103449, 1.0
100, 500, 0.05, 0.5, 0.15, 0.6382978723404256, 0.4666666666666667, 0.9333333333333333
100, 500, 0.05, 0.6, 0.01, 0.6739130434782609, 0.5, 0.06666666666666667
100, 500, 0.05, 0.6, 0.05, 0.7446808510638298, 0.5714285714285714, 0.8
100, 500, 0.05, 0.6, 0.1, 0.6382978723404256, 0.4642857142857143, 0.8666666666666667
100, 500, 0.05, 0.6, 0.15, 0.723404255319149, 0.5357142857142857, 1.0
100, 500, 0.05, 0.7, 0.01, 0.6382978723404256, 0.4444444444444444, 0.5333333333333333
100, 500, 0.05, 0.7, 0.05, 0.8085106382978723, 0.625, 1.0
100, 500, 0.05, 0.7, 0.1, 0.7659574468085106, 0.5769230769230769, 1.0
100, 500, 0.05, 0.7, 0.15, 0.7021276595744681, 0.5172413793103449, 1.0
100, 500, 0.1, 0.5, 0.01, 0.6595744680851063, 0.47368421052631576, 0.6
100, 500, 0.1, 0.5, 0.05, 0.7446808510638298, 0.56, 0.9333333333333333
100, 500, 0.1, 0.5, 0.1, 0.7872340425531915, 0.6, 1.0
100, 500, 0.1, 0.5, 0.15, 0.7021276595744681, 0.5172413793103449, 1.0
100, 500, 0.1, 0.6, 0.01, 0.6808510638297872, 0.5, 0.4
100, 500, 0.1, 0.6, 0.05, 0.7021276595744681, 0.5185185185185185, 0.9333333333333333
100, 500, 0.1, 0.6, 0.1, 0.7021276595744681, 0.5172413793103449, 1.0
100, 500, 0.1, 0.6, 0.15, 0.6808510638297872, 0.5, 0.9333333333333333
100, 500, 0.1, 0.7, 0.01, 0.7021276595744681, 0.5238095238095238, 0.7333333333333333
100, 500, 0.1, 0.7, 0.05, 0.723404255319149, 0.5416666666666666, 0.8666666666666667
100, 500, 0.1, 0.7, 0.1, 0.7446808510638298, 0.5555555555555556, 1.0
100, 500, 0.1, 0.7, 0.15, 0.723404255319149, 0.5357142857142857, 1.0
250, 50, 0.01, 0.5, 0.01, 0.6818181818181818, 0.0, 0.0
250, 50, 0.01, 0.5, 0.05, 0.6808510638297872, 0.0, 0.0
250, 50, 0.01, 0.5, 0.1, 0.6808510638297872, 0.0, 0.0
250, 50, 0.01, 0.5, 0.15, 0.6808510638297872, 0.0, 0.0
250, 50, 0.01, 0.6, 0.01, 0.7021276595744681, 1.0, 0.06666666666666667
250, 50, 0.01, 0.6, 0.05, 0.6739130434782609, 0.0, 0.0
250, 50, 0.01, 0.6, 0.1, 0.6888888888888889, 0.0, 0.0
250, 50, 0.01, 0.6, 0.15, 0.6808510638297872, 0.0, 0.0
250, 50, 0.01, 0.7, 0.01, 0.6956521739130435, 0.0, 0.0
250, 50, 0.01, 0.7, 0.05, 0.6956521739130435, 0.0, 0.0
250, 50, 0.01, 0.7, 0.1, 0.6808510638297872, 0.0, 0.0
250, 50, 0.01, 0.7, 0.15, 0.6808510638297872, 0.0, 0.0
250, 50, 0.05, 0.5, 0.01, 0.6739130434782609, 0.0, 0.0
250, 50, 0.05, 0.5, 0.05, 0.6808510638297872, 0.0, 0.0
250, 50, 0.05, 0.5, 0.1, 0.6808510638297872, 0.0, 0.0
250, 50, 0.05, 0.5, 0.15, 0.6808510638297872, 0.0, 0.0
250, 50, 0.05, 0.6, 0.01, 0.6595744680851063, 0.0, 0.0
250, 50, 0.05, 0.6, 0.05, 0.6808510638297872, 0.0, 0.0
250, 50, 0.05, 0.6, 0.1, 0.6808510638297872, 0.0, 0.0
250, 50, 0.05, 0.6, 0.15, 0.6808510638297872, 0.0, 0.0
250, 50, 0.05, 0.7, 0.01, 0.6888888888888889, 0.0, 0.0
250, 50, 0.05, 0.7, 0.05, 0.6666666666666666, 0.0, 0.0
250, 50, 0.05, 0.7, 0.1, 0.6956521739130435, 0.0, 0.0
250, 50, 0.05, 0.7, 0.15, 0.6808510638297872, 0.0, 0.0
250, 50, 0.1, 0.5, 0.01, 0.6808510638297872, 0.0, 0.0
250, 50, 0.1, 0.5, 0.05, 0.6956521739130435, 0.0, 0.0
250, 50, 0.1, 0.5, 0.1, 0.6808510638297872, 0.0, 0.0
250, 50, 0.1, 0.5, 0.15, 0.6808510638297872, 0.0, 0.0
250, 50, 0.1, 0.6, 0.01, 0.6511627906976745, 0.0, 0.0
250, 50, 0.1, 0.6, 0.05, 0.6888888888888889, 0.0, 0.0
250, 50, 0.1, 0.6, 0.1, 0.6808510638297872, 0.0, 0.0
250, 50, 0.1, 0.6, 0.15, 0.6808510638297872, 0.0, 0.0
250, 50, 0.1, 0.7, 0.01, 0.6888888888888889, 0.0, 0.0
250, 50, 0.1, 0.7, 0.05, 0.6808510638297872, 0.0, 0.0
250, 50, 0.1, 0.7, 0.1, 0.6808510638297872, 0.0, 0.0
250, 50, 0.1, 0.7, 0.15, 0.6956521739130435, 0.0, 0.0
250, 100, 0.01, 0.5, 0.01, 0.6888888888888889, 0.0, 0.0
250, 100, 0.01, 0.5, 0.05, 0.6956521739130435, 0.0, 0.0
250, 100, 0.01, 0.5, 0.1, 0.6808510638297872, 0.0, 0.0
250, 100, 0.01, 0.5, 0.15, 0.6808510638297872, 0.0, 0.0
250, 100, 0.01, 0.6, 0.01, 0.7272727272727273, 0.0, 0.0
250, 100, 0.01, 0.6, 0.05, 0.6956521739130435, 0.0, 0.0
250, 100, 0.01, 0.6, 0.1, 0.6595744680851063, 0.0, 0.0
250, 100, 0.01, 0.6, 0.15, 0.6808510638297872, 0.0, 0.0
250, 100, 0.01, 0.7, 0.01, 0.6808510638297872, 0.0, 0.0
250, 100, 0.01, 0.7, 0.05, 0.723404255319149, 1.0, 0.13333333333333333
250, 100, 0.01, 0.7, 0.1, 0.6808510638297872, 0.0, 0.0
250, 100, 0.01, 0.7, 0.15, 0.6739130434782609, 0.0, 0.0
250, 100, 0.05, 0.5, 0.01, 0.6521739130434783, 0.0, 0.0
250, 100, 0.05, 0.5, 0.05, 0.6808510638297872, 0.0, 0.0
250, 100, 0.05, 0.5, 0.1, 0.6808510638297872, 0.0, 0.0
250, 100, 0.05, 0.5, 0.15, 0.6808510638297872, 0.0, 0.0
250, 100, 0.05, 0.6, 0.01, 0.6666666666666666, 0.0, 0.0
250, 100, 0.05, 0.6, 0.05, 0.6808510638297872, 0.0, 0.0
250, 100, 0.05, 0.6, 0.1, 0.6808510638297872, 0.0, 0.0
250, 100, 0.05, 0.6, 0.15, 0.6808510638297872, 0.0, 0.0
250, 100, 0.05, 0.7, 0.01, 0.6808510638297872, 0.0, 0.0
250, 100, 0.05, 0.7, 0.05, 0.6808510638297872, 0.0, 0.0
250, 100, 0.05, 0.7, 0.1, 0.6956521739130435, 0.0, 0.0
250, 100, 0.05, 0.7, 0.15, 0.6808510638297872, 0.0, 0.0
250, 100, 0.1, 0.5, 0.01, 0.7209302325581395, 1.0, 0.07692307692307693
250, 100, 0.1, 0.5, 0.05, 0.6888888888888889, 0.0, 0.0
250, 100, 0.1, 0.5, 0.1, 0.6956521739130435, 0.0, 0.0
250, 100, 0.1, 0.5, 0.15, 0.6808510638297872, 0.0, 0.0
250, 100, 0.1, 0.6, 0.01, 0.7045454545454546, 0.0, 0.0
250, 100, 0.1, 0.6, 0.05, 0.6739130434782609, 0.0, 0.0
250, 100, 0.1, 0.6, 0.1, 0.6521739130434783, 0.0, 0.0
250, 100, 0.1, 0.6, 0.15, 0.6956521739130435, 0.0, 0.0
250, 100, 0.1, 0.7, 0.01, 0.6888888888888889, 0.0, 0.0
250, 100, 0.1, 0.7, 0.05, 0.6808510638297872, 0.0, 0.0
250, 100, 0.1, 0.7, 0.1, 0.6808510638297872, 0.0, 0.0
250, 100, 0.1, 0.7, 0.15, 0.6808510638297872, 0.0, 0.0
250, 250, 0.01, 0.5, 0.01, 0.7272727272727273, 0.6, 0.23076923076923078
250, 250, 0.01, 0.5, 0.05, 0.6808510638297872, 0.5, 0.13333333333333333
250, 250, 0.01, 0.5, 0.1, 0.6808510638297872, 0.5, 0.06666666666666667
250, 250, 0.01, 0.5, 0.15, 0.6808510638297872, 0.0, 0.0
250, 250, 0.01, 0.6, 0.01, 0.6956521739130435, 0.5, 0.21428571428571427
250, 250, 0.01, 0.6, 0.05, 0.6739130434782609, 0.0, 0.0
250, 250, 0.01, 0.6, 0.1, 0.7021276595744681, 1.0, 0.06666666666666667
250, 250, 0.01, 0.6, 0.15, 0.6956521739130435, 0.0, 0.0
250, 250, 0.01, 0.7, 0.01, 0.6521739130434783, 0.25, 0.07142857142857142
250, 250, 0.01, 0.7, 0.05, 0.6521739130434783, 0.25, 0.07142857142857142
250, 250, 0.01, 0.7, 0.1, 0.7021276595744681, 1.0, 0.06666666666666667
250, 250, 0.01, 0.7, 0.15, 0.6956521739130435, 0.0, 0.0
250, 250, 0.05, 0.5, 0.01, 0.5869565217391305, 0.16666666666666666, 0.06666666666666667
250, 250, 0.05, 0.5, 0.05, 0.6956521739130435, 0.0, 0.0
250, 250, 0.05, 0.5, 0.1, 0.6595744680851063, 0.0, 0.0
250, 250, 0.05, 0.5, 0.15, 0.6888888888888889, 0.0, 0.0
250, 250, 0.05, 0.6, 0.01, 0.723404255319149, 0.5833333333333334, 0.4666666666666667
250, 250, 0.05, 0.6, 0.05, 0.6808510638297872, 0.5, 0.06666666666666667
250, 250, 0.05, 0.6, 0.1, 0.6808510638297872, 0.0, 0.0
250, 250, 0.05, 0.6, 0.15, 0.6808510638297872, 0.0, 0.0
250, 250, 0.05, 0.7, 0.01, 0.6739130434782609, 0.5, 0.13333333333333333
250, 250, 0.05, 0.7, 0.05, 0.6666666666666666, 0.0, 0.0
250, 250, 0.05, 0.7, 0.1, 0.7021276595744681, 1.0, 0.06666666666666667
250, 250, 0.05, 0.7, 0.15, 0.7021276595744681, 1.0, 0.06666666666666667
250, 250, 0.1, 0.5, 0.01, 0.6086956521739131, 0.16666666666666666, 0.07142857142857142
250, 250, 0.1, 0.5, 0.05, 0.6666666666666666, 0.3333333333333333, 0.07142857142857142
250, 250, 0.1, 0.5, 0.1, 0.6808510638297872, 0.0, 0.0
250, 250, 0.1, 0.5, 0.15, 0.7021276595744681, 1.0, 0.06666666666666667
250, 250, 0.1, 0.6, 0.01, 0.6818181818181818, 0.6666666666666666, 0.13333333333333333
250, 250, 0.1, 0.6, 0.05, 0.7021276595744681, 1.0, 0.06666666666666667
250, 250, 0.1, 0.6, 0.1, 0.7021276595744681, 1.0, 0.06666666666666667
250, 250, 0.1, 0.6, 0.15, 0.6808510638297872, 0.0, 0.0
250, 250, 0.1, 0.7, 0.01, 0.5652173913043478, 0.125, 0.07142857142857142
250, 250, 0.1, 0.7, 0.05, 0.6739130434782609, 0.3333333333333333, 0.07142857142857142
250, 250, 0.1, 0.7, 0.1, 0.6808510638297872, 0.5, 0.06666666666666667
250, 250, 0.1, 0.7, 0.15, 0.6595744680851063, 0.0, 0.0
250, 500, 0.01, 0.5, 0.01, 0.717391304347826, 0.5384615384615384, 0.5
250, 500, 0.01, 0.5, 0.05, 0.6595744680851063, 0.47058823529411764, 0.5333333333333333
250, 500, 0.01, 0.5, 0.1, 0.8297872340425532, 0.8181818181818182, 0.6
250, 500, 0.01, 0.5, 0.15, 0.7872340425531915, 0.6923076923076923, 0.6
250, 500, 0.01, 0.6, 0.01, 0.723404255319149, 0.5416666666666666, 0.8666666666666667
250, 500, 0.01, 0.6, 0.05, 0.7446808510638298, 0.6153846153846154, 0.5333333333333333
250, 500, 0.01, 0.6, 0.1, 0.7872340425531915, 0.7272727272727273, 0.5333333333333333
250, 500, 0.01, 0.6, 0.15, 0.7659574468085106, 0.7, 0.4666666666666667
250, 500, 0.01, 0.7, 0.01, 0.7608695652173914, 0.6428571428571429, 0.6
250, 500, 0.01, 0.7, 0.05, 0.7872340425531915, 0.6923076923076923, 0.6
250, 500, 0.01, 0.7, 0.1, 0.8085106382978723, 0.75, 0.6
250, 500, 0.01, 0.7, 0.15, 0.7872340425531915, 0.6923076923076923, 0.6
250, 500, 0.05, 0.5, 0.01, 0.6595744680851063, 0.4, 0.13333333333333333
250, 500, 0.05, 0.5, 0.05, 0.7021276595744681, 0.5263157894736842, 0.6666666666666666
250, 500, 0.05, 0.5, 0.1, 0.7659574468085106, 0.6428571428571429, 0.6
250, 500, 0.05, 0.5, 0.15, 0.7659574468085106, 0.6428571428571429, 0.6
250, 500, 0.05, 0.6, 0.01, 0.5531914893617021, 0.36363636363636365, 0.5333333333333333
250, 500, 0.05, 0.6, 0.05, 0.8085106382978723, 0.75, 0.6
250, 500, 0.05, 0.6, 0.1, 0.7872340425531915, 0.6923076923076923, 0.6
250, 500, 0.05, 0.6, 0.15, 0.7446808510638298, 0.6, 0.6
250, 500, 0.05, 0.7, 0.01, 0.6808510638297872, 0.5, 0.4
250, 500, 0.05, 0.7, 0.05, 0.6595744680851063, 0.4666666666666667, 0.4666666666666667
250, 500, 0.05, 0.7, 0.1, 0.7446808510638298, 0.6, 0.6
250, 500, 0.05, 0.7, 0.15, 0.7659574468085106, 0.6666666666666666, 0.5333333333333333
250, 500, 0.1, 0.5, 0.01, 0.6666666666666666, 0.42857142857142855, 0.21428571428571427
250, 500, 0.1, 0.5, 0.05, 0.7608695652173914, 0.6428571428571429, 0.6
250, 500, 0.1, 0.5, 0.1, 0.851063829787234, 0.8333333333333334, 0.6666666666666666
250, 500, 0.1, 0.5, 0.15, 0.8085106382978723, 0.6666666666666666, 0.8
250, 500, 0.1, 0.6, 0.01, 0.7021276595744681, 0.5384615384615384, 0.4666666666666667
250, 500, 0.1, 0.6, 0.05, 0.782608695652174, 0.7272727272727273, 0.5333333333333333
250, 500, 0.1, 0.6, 0.1, 0.8085106382978723, 0.8, 0.5333333333333333
250, 500, 0.1, 0.6, 0.15, 0.7446808510638298, 0.6, 0.6
250, 500, 0.1, 0.7, 0.01, 0.6521739130434783, 0.4444444444444444, 0.5714285714285714
250, 500, 0.1, 0.7, 0.05, 0.8478260869565217, 0.8333333333333334, 0.6666666666666666
250, 500, 0.1, 0.7, 0.1, 0.8297872340425532, 0.7058823529411765, 0.8
250, 500, 0.1, 0.7, 0.15, 0.8085106382978723, 0.6875, 0.7333333333333333
500, 50, 0.01, 0.5, 0.01, 0.6888888888888889, 0.0, 0.0
500, 50, 0.01, 0.5, 0.05, 0.6956521739130435, 0.0, 0.0
500, 50, 0.01, 0.5, 0.1, 0.6808510638297872, 0.0, 0.0
500, 50, 0.01, 0.5, 0.15, 0.6808510638297872, 0.0, 0.0
500, 50, 0.01, 0.6, 0.01, 0.7021276595744681, 1.0, 0.06666666666666667
500, 50, 0.01, 0.6, 0.05, 0.6595744680851063, 0.0, 0.0
500, 50, 0.01, 0.6, 0.1, 0.6808510638297872, 0.0, 0.0
500, 50, 0.01, 0.6, 0.15, 0.6808510638297872, 0.0, 0.0
500, 50, 0.01, 0.7, 0.01, 0.6666666666666666, 0.0, 0.0
500, 50, 0.01, 0.7, 0.05, 0.6956521739130435, 1.0, 0.06666666666666667
500, 50, 0.01, 0.7, 0.1, 0.6808510638297872, 0.0, 0.0
500, 50, 0.01, 0.7, 0.15, 0.6956521739130435, 0.0, 0.0
500, 50, 0.05, 0.5, 0.01, 0.7111111111111111, 1.0, 0.07142857142857142
500, 50, 0.05, 0.5, 0.05, 0.6808510638297872, 0.0, 0.0
500, 50, 0.05, 0.5, 0.1, 0.6956521739130435, 0.0, 0.0
500, 50, 0.05, 0.5, 0.15, 0.6808510638297872, 0.0, 0.0
500, 50, 0.05, 0.6, 0.01, 0.6739130434782609, 0.0, 0.0
500, 50, 0.05, 0.6, 0.05, 0.7045454545454546, 0.0, 0.0
500, 50, 0.05, 0.6, 0.1, 0.6808510638297872, 0.0, 0.0
500, 50, 0.05, 0.6, 0.15, 0.6808510638297872, 0.0, 0.0
500, 50, 0.05, 0.7, 0.01, 0.6739130434782609, 0.0, 0.0
500, 50, 0.05, 0.7, 0.05, 0.7021276595744681, 1.0, 0.06666666666666667
500, 50, 0.05, 0.7, 0.1, 0.6808510638297872, 0.0, 0.0
500, 50, 0.05, 0.7, 0.15, 0.6808510638297872, 0.0, 0.0
500, 50, 0.1, 0.5, 0.01, 0.6808510638297872, 0.0, 0.0
500, 50, 0.1, 0.5, 0.05, 0.6808510638297872, 0.0, 0.0
500, 50, 0.1, 0.5, 0.1, 0.6808510638297872, 0.0, 0.0
500, 50, 0.1, 0.5, 0.15, 0.6808510638297872, 0.0, 0.0
500, 50, 0.1, 0.6, 0.01, 0.6590909090909091, 0.0, 0.0
500, 50, 0.1, 0.6, 0.05, 0.717391304347826, 1.0, 0.07142857142857142
500, 50, 0.1, 0.6, 0.1, 0.6956521739130435, 0.0, 0.0
500, 50, 0.1, 0.6, 0.15, 0.6808510638297872, 0.0, 0.0
500, 50, 0.1, 0.7, 0.01, 0.6808510638297872, 0.0, 0.0
500, 50, 0.1, 0.7, 0.05, 0.7021276595744681, 1.0, 0.06666666666666667
500, 50, 0.1, 0.7, 0.1, 0.6808510638297872, 0.0, 0.0
500, 50, 0.1, 0.7, 0.15, 0.6956521739130435, 0.0, 0.0
500, 100, 0.01, 0.5, 0.01, 0.6739130434782609, 0.0, 0.0
500, 100, 0.01, 0.5, 0.05, 0.6739130434782609, 0.0, 0.0
500, 100, 0.01, 0.5, 0.1, 0.6739130434782609, 0.0, 0.0
500, 100, 0.01, 0.5, 0.15, 0.6808510638297872, 0.0, 0.0
500, 100, 0.01, 0.6, 0.01, 0.6739130434782609, 0.0, 0.0
500, 100, 0.01, 0.6, 0.05, 0.6808510638297872, 0.0, 0.0
500, 100, 0.01, 0.6, 0.1, 0.6808510638297872, 0.0, 0.0
500, 100, 0.01, 0.6, 0.15, 0.6808510638297872, 0.0, 0.0
500, 100, 0.01, 0.7, 0.01, 0.6739130434782609, 0.0, 0.0
500, 100, 0.01, 0.7, 0.05, 0.6808510638297872, 0.0, 0.0
500, 100, 0.01, 0.7, 0.1, 0.6808510638297872, 0.0, 0.0
500, 100, 0.01, 0.7, 0.15, 0.6808510638297872, 0.0, 0.0
500, 100, 0.05, 0.5, 0.01, 0.6808510638297872, 0.5, 0.06666666666666667
500, 100, 0.05, 0.5, 0.05, 0.6808510638297872, 0.0, 0.0
500, 100, 0.05, 0.5, 0.1, 0.6808510638297872, 0.0, 0.0
500, 100, 0.05, 0.5, 0.15, 0.6808510638297872, 0.0, 0.0
500, 100, 0.05, 0.6, 0.01, 0.6888888888888889, 0.0, 0.0
500, 100, 0.05, 0.6, 0.05, 0.6808510638297872, 0.0, 0.0
500, 100, 0.05, 0.6, 0.1, 0.6808510638297872, 0.0, 0.0
500, 100, 0.05, 0.6, 0.15, 0.6808510638297872, 0.0, 0.0
500, 100, 0.05, 0.7, 0.01, 0.6739130434782609, 0.0, 0.0
500, 100, 0.05, 0.7, 0.05, 0.6956521739130435, 0.0, 0.0
500, 100, 0.05, 0.7, 0.1, 0.6956521739130435, 0.0, 0.0
500, 100, 0.05, 0.7, 0.15, 0.6808510638297872, 0.0, 0.0
500, 100, 0.1, 0.5, 0.01, 0.6739130434782609, 0.0, 0.0
500, 100, 0.1, 0.5, 0.05, 0.6808510638297872, 0.0, 0.0
500, 100, 0.1, 0.5, 0.1, 0.6808510638297872, 0.0, 0.0
500, 100, 0.1, 0.5, 0.15, 0.6808510638297872, 0.0, 0.0
500, 100, 0.1, 0.6, 0.01, 0.6739130434782609, 0.0, 0.0
500, 100, 0.1, 0.6, 0.05, 0.6956521739130435, 0.0, 0.0
500, 100, 0.1, 0.6, 0.1, 0.6808510638297872, 0.0, 0.0
500, 100, 0.1, 0.6, 0.15, 0.6808510638297872, 0.0, 0.0
500, 100, 0.1, 0.7, 0.01, 0.6956521739130435, 0.5, 0.07142857142857142
500, 100, 0.1, 0.7, 0.05, 0.6956521739130435, 0.0, 0.0
500, 100, 0.1, 0.7, 0.1, 0.6956521739130435, 0.0, 0.0
500, 100, 0.1, 0.7, 0.15, 0.6808510638297872, 0.0, 0.0
500, 250, 0.01, 0.5, 0.01, 0.6739130434782609, 0.0, 0.0
500, 250, 0.01, 0.5, 0.05, 0.6956521739130435, 0.0, 0.0
500, 250, 0.01, 0.5, 0.1, 0.6808510638297872, 0.5, 0.06666666666666667
500, 250, 0.01, 0.5, 0.15, 0.6739130434782609, 0.0, 0.0
500, 250, 0.01, 0.6, 0.01, 0.6521739130434783, 0.0, 0.0
500, 250, 0.01, 0.6, 0.05, 0.6808510638297872, 0.0, 0.0
500, 250, 0.01, 0.6, 0.1, 0.6808510638297872, 0.0, 0.0
500, 250, 0.01, 0.6, 0.15, 0.6808510638297872, 0.0, 0.0
500, 250, 0.01, 0.7, 0.01, 0.7045454545454546, 0.0, 0.0
500, 250, 0.01, 0.7, 0.05, 0.6739130434782609, 0.0, 0.0
500, 250, 0.01, 0.7, 0.1, 0.6956521739130435, 0.0, 0.0
500, 250, 0.01, 0.7, 0.15, 0.6808510638297872, 0.0, 0.0
500, 250, 0.05, 0.5, 0.01, 0.6888888888888889, 0.0, 0.0
500, 250, 0.05, 0.5, 0.05, 0.6808510638297872, 0.0, 0.0
500, 250, 0.05, 0.5, 0.1, 0.6808510638297872, 0.0, 0.0
500, 250, 0.05, 0.5, 0.15, 0.6808510638297872, 0.0, 0.0
500, 250, 0.05, 0.6, 0.01, 0.6888888888888889, 0.0, 0.0
500, 250, 0.05, 0.6, 0.05, 0.7021276595744681, 1.0, 0.06666666666666667
500, 250, 0.05, 0.6, 0.1, 0.6808510638297872, 0.0, 0.0
500, 250, 0.05, 0.6, 0.15, 0.6808510638297872, 0.0, 0.0
500, 250, 0.05, 0.7, 0.01, 0.6739130434782609, 0.0, 0.0
500, 250, 0.05, 0.7, 0.05, 0.6808510638297872, 0.0, 0.0
500, 250, 0.05, 0.7, 0.1, 0.6808510638297872, 0.0, 0.0
500, 250, 0.05, 0.7, 0.15, 0.6808510638297872, 0.0, 0.0
500, 250, 0.1, 0.5, 0.01, 0.6818181818181818, 0.5, 0.07142857142857142
500, 250, 0.1, 0.5, 0.05, 0.6956521739130435, 0.0, 0.0
500, 250, 0.1, 0.5, 0.1, 0.6808510638297872, 0.0, 0.0
500, 250, 0.1, 0.5, 0.15, 0.6808510638297872, 0.0, 0.0
500, 250, 0.1, 0.6, 0.01, 0.7111111111111111, 1.0, 0.07142857142857142
500, 250, 0.1, 0.6, 0.05, 0.6956521739130435, 0.0, 0.0
500, 250, 0.1, 0.6, 0.1, 0.6808510638297872, 0.0, 0.0
500, 250, 0.1, 0.6, 0.15, 0.6808510638297872, 0.0, 0.0
500, 250, 0.1, 0.7, 0.01, 0.6666666666666666, 0.0, 0.0
500, 250, 0.1, 0.7, 0.05, 0.6808510638297872, 0.0, 0.0
500, 250, 0.1, 0.7, 0.1, 0.6808510638297872, 0.0, 0.0
500, 250, 0.1, 0.7, 0.15, 0.6808510638297872, 0.0, 0.0
500, 500, 0.01, 0.5, 0.01, 0.6086956521739131, 0.38461538461538464, 0.3333333333333333
500, 500, 0.01, 0.5, 0.05, 0.6808510638297872, 0.5, 0.06666666666666667
500, 500, 0.01, 0.5, 0.1, 0.6808510638297872, 0.0, 0.0
500, 500, 0.01, 0.5, 0.15, 0.7021276595744681, 1.0, 0.06666666666666667
500, 500, 0.01, 0.6, 0.01, 0.6382978723404256, 0.25, 0.06666666666666667
500, 500, 0.01, 0.6, 0.05, 0.7021276595744681, 0.6666666666666666, 0.13333333333333333
500, 500, 0.01, 0.6, 0.1, 0.6808510638297872, 0.5, 0.06666666666666667
500, 500, 0.01, 0.6, 0.15, 0.6956521739130435, 0.0, 0.0
500, 500, 0.01, 0.7, 0.01, 0.7021276595744681, 0.5714285714285714, 0.26666666666666666
500, 500, 0.01, 0.7, 0.05, 0.6595744680851063, 0.3333333333333333, 0.06666666666666667
500, 500, 0.01, 0.7, 0.1, 0.6808510638297872, 0.0, 0.0
500, 500, 0.01, 0.7, 0.15, 0.6595744680851063, 0.0, 0.0
500, 500, 0.05, 0.5, 0.01, 0.6595744680851063, 0.45454545454545453, 0.3333333333333333
500, 500, 0.05, 0.5, 0.05, 0.6521739130434783, 0.0, 0.0
500, 500, 0.05, 0.5, 0.1, 0.6808510638297872, 0.0, 0.0
500, 500, 0.05, 0.5, 0.15, 0.6808510638297872, 0.0, 0.0
500, 500, 0.05, 0.6, 0.01, 0.7021276595744681, 0.6, 0.2
500, 500, 0.05, 0.6, 0.05, 0.717391304347826, 1.0, 0.07142857142857142
500, 500, 0.05, 0.6, 0.1, 0.7021276595744681, 1.0, 0.06666666666666667
500, 500, 0.05, 0.6, 0.15, 0.7021276595744681, 1.0, 0.06666666666666667
500, 500, 0.05, 0.7, 0.01, 0.6956521739130435, 0.5, 0.21428571428571427
500, 500, 0.05, 0.7, 0.05, 0.7391304347826086, 1.0, 0.14285714285714285
500, 500, 0.05, 0.7, 0.1, 0.6808510638297872, 0.0, 0.0
500, 500, 0.05, 0.7, 0.15, 0.6808510638297872, 0.0, 0.0
500, 500, 0.1, 0.5, 0.01, 0.5957446808510638, 0.0, 0.0
500, 500, 0.1, 0.5, 0.05, 0.7021276595744681, 0.6666666666666666, 0.13333333333333333
500, 500, 0.1, 0.5, 0.1, 0.6808510638297872, 0.5, 0.06666666666666667
500, 500, 0.1, 0.5, 0.15, 0.6739130434782609, 0.0, 0.0
500, 500, 0.1, 0.6, 0.01, 0.6956521739130435, 0.6, 0.2
500, 500, 0.1, 0.6, 0.05, 0.7021276595744681, 1.0, 0.06666666666666667
500, 500, 0.1, 0.6, 0.1, 0.7021276595744681, 1.0, 0.06666666666666667
500, 500, 0.1, 0.6, 0.15, 0.6808510638297872, 0.0, 0.0
500, 500, 0.1, 0.7, 0.01, 0.6595744680851063, 0.42857142857142855, 0.2
500, 500, 0.1, 0.7, 0.05, 0.6956521739130435, 1.0, 0.06666666666666667
500, 500, 0.1, 0.7, 0.1, 0.7021276595744681, 1.0, 0.06666666666666667
500, 500, 0.1, 0.7, 0.15, 0.6595744680851063, 0.0, 0.0